43
100
109
116986
26523
192670
10142
270
275
301
322
51107
8853
259266
23245
57194
491
552
9044
776
8912
783
54862
900
10575
9578
1012
9662
95681
84952
5119
1139
10518
23332
22866
1268
152330
53942
27255
26047
79937
85445
23019
80315
1501
83992
9820
1523
23191
27071
8562
22982
27185
23259
1740
9229
1747
81704
57628
23167
1630
26610
56946
57634
2109
55914
2200
2567
26290
79893
2239
10243
2890
2894
2898
2260
55568
2901
2902
2903
23426
57520
59269
3150
3382
3608
26512
3690
3720
8850
7994
3766
3785
3790
23081
8242
7403
57691
9928
84623
3912
123169
4035
140733
4010
100128977
4233
83552
406928
2475
4628
4644
4650
89797
9611
9603
22981
340533
22871
57502
9891
134492
4983
119772
161725
5021
5026
8974
5053
5062
117583
8864
57661
23236
91584
5364
57580
144165
166336
5579
25865
5071
5625
100873065
5245
5444
149628
54870
5862
339122
57148
64901
54715
54439
6092
10055
6305
57466
6335
9037
6418
50944
6473
57468
10237
124565
6531
84889
8140
26050
4089
6597
27131
8404
23013
9295
8128
22986
134957
6878
9344
93594
11198
7014
54790
55217
23112
83696
7225
4308
9690
254048
51366
57578
9958
85015
7874
7429
57705
51741
23211
10771
57178
91752
339145
4479
140758

