23394
158
2334
27245
7915
287
288
29123
23229
57492
170302
55870
1175
80816
546
26053
29994
10295
53335
673
9024
775
777
55799
4076
8573
54897
6792
56853
283489
1106
1107
55636
57680
23152
4849
1387
11151
7812
10664
1499
8452
1654
10522
1717
23181
1742
1760
1788
1808
1826
1778
1859
253738
79813
8666
1995
2033
2332
2290
27086
93986
2562
64599
26058
2891
2561
2670
2770
2904
3069
283450
3097
3188
3192
3265
23096
64207
284058
83473
3745
3786
51780
10765
23135
4297
58508
55904
51111
9778
8861
8216
54551
55777
79143
4204
57689
4130
9969
23389
4212
23040
80155
283078
112939
26960
10787
4763
25836
57555
54413
4306
4929
9378
8648
9379
9369
64324
9631
55690
5079
57526
5253
51317
23469
55023
57649
23126
55624
5528
57479
5718
139411
5728
84687
5536
5754
5781
10743
5649
473
5991
22999
6096
6304
6323
6326
6334
26040
29072
55209
22941
85358
25942
6529
6497
10479
6601
6651
6660
6683
10847
6812
8831
6734
26115
57551
93627
79718
10716
6942
6925
6934
11011
84231
7204
9320
7248
7249
7010
9777
373
57616
7337
65109
157680
51322
23001
7716
197131
26137
23036
23613
58499
